193
372
621
736
746
785
787
790
791
841
839
841
830
849
812
838
852
810
889
863
840
879
840
868
853
870
859
862
886
845
841
847
874
898
867
880
880
852
877
841
888
874
842
874
893
863
859
864
888
849
884
904
853
890
885
902
906
903
932
926
196
348
465
603
631
729
755
768
782
839
818
815
802
824
805
835
840
814
887
862
842
882
844
873
858
891
887
876
865
842
864
846
870
909
866
887
884
837
849
874
889
894
858
901
880
903
852
874
888
851
870
903
863
889
880
907
908
900
945
922
316
559
691
808
802
804
807
798
798
859
859
826
830
863
847
843
845
830
881
893
857
890
847
882
852
875
889
874
900
849
881
861
879
893
876
896
902
849
889
874
906
877
858
894
882
878
888
872
886
872
878
919
868
901
880
913
915
897
928
926
